6.412974
0.822747
-0.219928
-16.215398
-3.309127
-1.053473
-5.599061
-10.069357
11.625918
2.568985
20.552372
1.382845
-2.808223
-13.381267
-8.454740
14.244770
-13.934337
6.627793
-13.541144
3.153487
2.424437
-23.757604
8.379953
9.514466
9.574195
7.842549
-6.616080
16.263016
3.665827
6.515133
-1.533912
-10.588303
-4.898297
-5.873315
6.156011
-2.891991
-3.302701
9.845743
3.160040
11.124251
8.479764
6.700539
0.878155
19.737798
-9.327442
6.805075
1.286832
5.099375
14.161934
-7.564197
-2.653167
8.057285
5.938363
2.771668
-5.324705
-2.688778
1.346798
3.573202
20.628408
-5.619733
-7.678151
0.108615
-6.718331
13.866460
7.987846
-8.975940
9.993561
-0.690549
5.088901
-7.296345
3.766216
2.084255
0.904624
2.714641
-2.516153
10.348091
6.509558
-3.344175
18.895425
-2.511212
-8.352476
7.546448
4.351281
-4.738244
12.106532
11.025199
10.903639
-14.360772
-1.452603
-6.658458
-2.168828
15.547589
-17.461668
3.686745
4.860750
5.823561
-5.439059
-22.472306
-10.218899
17.007196
-12.665700
-9.919626
-12.194293
-11.194586
-10.176271
-5.837687
-1.864718
18.677831
12.766740
-12.826404
16.362264
3.791332
14.696330
-10.671913
9.904635
3.824539
6.104934
17.680467
1.892464
-1.049705
5.056745
1.063643
-8.206193
-11.682211
13.660330
-6.917504
-7.524067
-8.563926
-0.251482
-1.487332
9.200109
-3.516060
7.639436
-3.408709
-9.908831
3.840857
-7.355479
24.712405
-17.434793
-7.752896
-12.194771
-3.142737
17.196931
-4.550735
2.493476
0.662480
-10.036570
3.644625
-0.786620
-12.645614
-22.842058
-9.211299
0.933704
12.163841
-2.003177
2.456473
6.303495
-16.529838
5.958465
4.799371
1.885624
-1.085923
2.091743
-1.676701
0.393411
-6.667310
7.056982
-3.913137
-0.411232
3.618116
4.343987
-3.947771
1.537436
-2.741908
-1.064936
11.545496
-4.119695
3.764667
-8.562758
-7.038796
10.832470
17.702107
-8.390919
-2.477791
-2.932925
-21.032650
-10.184878
13.826219
-7.728247
-6.371133
-13.196401
13.880083
8.338534
-12.094459
-10.916735
-3.922651
0.909858
-17.766700
-4.718697
-2.003773
-1.619152
-0.653486
6.661575
-22.718261
-10.572066
11.078853
9.104366
9.959096
-3.806820
-5.154878
11.119640
9.265665
5.451447
1.415727
1.219631
12.977970
-5.819189
-8.635097
-9.944162
-3.394430
9.019259
-6.730772
10.777718
6.151493
-0.466725
-4.380320
-0.663125
-1.767162
-1.506473
3.871769
6.562314
8.340617
9.523947
-1.494915
-11.917909
10.701121
6.158086
-7.811804
-19.757863
5.774300
-12.666935
-8.813926
-4.024925
14.548074
-6.333133
-5.443522
17.336453
2.552213
-6.789860
-20.003298
3.402197
-14.735814
13.127611
13.591746
2.006061
-22.857320
-5.597409
1.640264
-6.673998
3.690944
-0.263291
9.485903
8.811640
4.296657
-3.257299
3.696088
-9.744324
6.318801
2.781126
-10.087238
-7.299649
17.241705
-4.537217
-0.375481
8.633915
5.858249
4.620101
18.199623
-5.412026
7.767588
-9.203838
11.079545
2.272070
-4.790878
10.180309
-6.427297
-2.353138
9.126595
1.293403
13.130131
-6.974627
9.694174
-1.165916
-9.341160
-6.000152
-8.869115
-5.784350
-6.437119
-3.730879
3.938185
9.254609
5.614821
2.703562
-0.184538
-5.169015
-5.570598
6.914103
-4.907961
-11.138424
-7.562961
-2.733159
-3.529648
4.252067
-1.488510
4.145855
2.188106
-19.721200
-8.601189
16.255907
5.898299
-3.068537
2.263997
-1.200238
-10.089751
-11.685275
9.163323
4.874161
-4.828431
0.376983
-5.696394
4.989624
-14.781750
2.126269
-13.761074
-16.352214
2.554535
-0.725238
-7.470039
-0.329245
11.503097
8.574903
10.468613
9.952360
9.871412
9.789891
-1.068676
4.367765
-3.286595
8.135935
-5.975754
30.535102
7.774762
23.125903
8.267922
-2.273965
-14.481793
4.111288
19.948104
-19.581401
7.733225
-9.124631
-10.437330
2.120512
-16.389515
5.859374
9.799753
0.285889
7.605278
13.181977
-17.601697
1.917012
3.876166
-1.203984
-4.346188
-7.478996
-14.594497
-7.846045
-3.763878
-4.886243
1.319088
11.286419
4.542154
-5.945039
10.727771
-10.599506
-0.511485
10.904408
-13.358569
15.614575
-8.347869
0.610618
23.398802
-10.021981
21.554179
-2.515647
-11.721128
12.843804
10.199673
5.396045
9.478741
9.104083
-0.962906
2.174576
0.437215
12.317603
-14.466906
9.461735
-15.106570
3.778693
4.692623
8.128043
2.145994
-5.325290
-11.576487
-7.483239
-4.202585
-2.120761
-0.027490
-1.545313
-11.843517
5.722229
-5.648577
-2.367328
2.175958
-8.522454
-2.594767
-8.994071
-2.481118
14.986040
18.060760
-7.977504
14.856829
8.333892
3.651752
-3.241501
-2.532191
0.938613
-5.621095
10.464642
2.153229
-3.942739
1.425335
17.123582
-10.221828
3.078311
8.742386
3.041925
22.612488
-5.477257
11.464211
1.639518
-24.127560
16.466966
-3.914943
-15.112794
12.392679
4.852770
13.211613
20.054165
22.814069
5.134573
15.099935
6.756043
-5.781630
24.184771
12.150730
7.120014
-10.688084
-8.027563
-10.817806
8.042627
-2.489994
-1.952403
-2.970070
-1.891364
16.364043
-7.765529
20.224168
16.200626
-7.729003
-6.790051
-6.884064
-1.052060
6.702561
9.956549
-10.287892
-1.672506
15.077725
1.991792
-14.400346
1.155717
7.988104
-24.431761
-3.384117
-15.097477
4.053225
-14.508160
-1.968424
-1.834374
3.863663
-3.802090
-0.210634
-18.146372
13.184739
8.966603
-2.433440
3.328106
-3.056363
-9.324401
7.196547
7.071376
-7.502461
-9.436442
-4.052062
8.806070
-6.848449
5.264229
2.578626
3.529334
-8.784510
-0.221306
0.997865
-6.559107
-0.879805
7.805643
6.902595
7.348774
14.140637
10.070288
17.217161
-21.092727
10.853844
-12.773230
-10.059218
-3.226621
7.960775
9.843808
0.671735
-2.433833
5.777496
8.690082
-13.094067
-0.894299
19.959364
-9.116904
16.607716
-8.003529
-1.532073
-15.187503
1.375067
0.898976
-5.475955
-12.609132
10.427860
-8.640409
-6.686221
16.759592
-18.154655
-19.758104
-19.658127
1.944129
-11.526867
5.425051
6.893293
-2.942916
17.436193
3.013438
-6.686200
-10.206894
6.087010
3.714158
-0.409907
16.370082
10.334049
-9.461917
13.953677
13.021049
6.589068
0.777528
-29.262453
20.868988
-1.866278
-7.428143
-7.478706
13.163885
-13.345206
-0.956735
0.384674
1.009190
-6.765938
-11.110595
-7.663107
1.637837
13.206597
21.551705
-11.889887
3.485073
12.068699
8.866839
12.017138
9.655515
0.748061
20.919541
2.123139
-3.142447
-4.024021
10.790670
13.342565
-3.384859
-1.620938
28.552362
-19.796211
-9.045413
3.442578
-1.543574
6.001524
3.948936
2.522238
4.848623
-11.285187
16.374918
8.344605
24.015837
15.971567
1.615344
-8.893412
3.303652
-5.074804
-6.209964
-0.714311
-3.925788
-3.783451
1.306720
-2.219741
-4.149139
11.032252
6.173974
-2.239587
0.151332
-9.013881
-0.052322
-1.454569
4.456047
-5.097262
-2.717034
-12.585452
-13.834944
5.937782
-1.273088
2.163976
4.466714
-12.186392
3.439995
-1.166677
-1.632118
-8.951818
0.410002
-10.837869
4.185570
4.399346
0.917543
6.207557
-6.640476
-5.394315
-5.103754
5.377400
-8.325990
17.361970
-3.138060
-11.506727
21.563528
-19.656256
22.787353
16.235666
15.393470
0.565864
-9.151335
10.002751
6.168722
-12.669280
20.220889
4.452741
3.360854
11.965482
12.448390
3.624354
11.226133
3.245638
6.727806
-8.838615
-11.387714
-6.419458
1.960709
9.978901
3.563714
11.535734
2.517413
3.121855
16.582820
-6.013802
-1.213053
-16.595980
12.302322
-7.131857
-1.866867
2.383978
-3.640472
21.917244
1.628037
-9.806481
0.519086
-6.201213
6.229521
-35.269287
1.876915
-20.354631
-1.682584
3.074600
3.943646
11.356753
-8.134166
3.758746
-5.919197
-12.828575
-11.030917
4.562689
-3.183242
-11.814535
-14.855047
11.369931
-10.497224
8.046098
7.159998
-9.206148
-4.835696
-3.384805
9.043297
4.562071
-5.309827
1.644705
3.650962
11.928888
11.087951
-9.541534
-6.619966
-14.855531
7.247279
10.011224
-3.661443
1.362068
-9.987879
-3.722398
10.552910
17.351292
-2.539799
2.822742
24.971805
-3.058530
-4.537098
24.943869
-7.228461
-9.935361
8.244791
-10.285075
-8.296141
-2.655111
19.638001
-3.676841
-14.546560
-7.703223
6.150743
-2.580483
-7.447948
14.771113
4.678130
1.962746
5.501401
6.107188
-13.483168
8.072299
-10.239075
14.024272
-11.244387
-21.815488
9.497858
-2.260612
-2.690936
-6.343516
11.853273
6.455628
-7.859515
12.579415
2.113906
2.962786
-2.129967
-1.730229
4.195833
13.218803
24.416733
6.226125
-0.734503
-2.453233
-4.725919
11.526281
-0.322862
-7.030113
5.309470
1.259173
10.564791
-10.550552
-6.776015
-6.474039
4.732582
-17.848974
3.583447
6.056376
-12.998183
5.323026
-9.311708
-7.922565
5.809903
5.311854
24.499502
-0.747115
-3.517918
-11.631576
10.219091
-13.445206
7.860343
-10.253594
-4.436118
7.132014
-0.113026
-12.869844
4.125903
-12.274380
-10.234229
-12.127878
6.931612
-6.899538
10.737822
-1.767510
-20.023308
-3.329236
-8.157959
-5.154969
7.911130
5.678123
-1.633659
11.150031
3.028232
8.697528
-2.549047
11.196104
14.516799
-7.777638
1.034842
6.874268
-3.694121
-28.233467
0.430476
-6.769762
-2.987544
-8.453741
-5.920859
-6.801893
-10.136863
-6.723006
0.189411
9.046985
5.052071
9.027060
2.368823
6.552720
-0.343267
15.649224
9.688870
23.591798
6.965550
-5.744243
-16.356008
-18.765526
8.707242
-11.398828
9.812916
0.310947
7.816023
2.641186
12.140214
2.720651
1.846922
13.754650
-12.154480
-4.233163
-7.495626
-1.823629
-17.116089
5.209329
8.182019
5.268121
-9.804321
-9.986506
9.276488
3.120034
12.190882
6.755010
-3.363336
-6.259250
-12.212823
22.020299
-29.949146
0.111684
8.754595
4.375682
-5.819309
0.172925
0.845515
21.146732
-17.092934
9.698891
13.242624
-8.047603
7.338202
-4.501954
-5.554034
-6.313034
16.731824
-2.055331
-21.853473
6.496445
-12.541387
-3.842693
-2.069603
9.086152
1.338527
-4.699514
2.584604
3.451313
7.664144
19.317964
-4.004381
13.131527
5.465683
-4.995511
5.123891
4.831662
8.490571
-0.284222
-8.271121
-1.250734
-6.659729
-6.530994
0.942210
-1.409398
-3.273250
9.464388
5.304546
-4.350472
13.160306
-3.005735
-19.225057
11.035986
-6.071307
0.768093
9.227837
-11.033514
-12.279893
9.013730
-1.655044
-3.609888
-4.913343
-11.777972
3.737300
4.628540
10.271292
-5.720077
12.152017
1.382093
12.079070
-2.773260
-14.790076
7.462174
-0.251855
2.900281
1.937802
5.762785
12.647906
-1.612001
6.475159
0.374517
-20.010154
11.973193
-1.598498
8.208810
20.562942
6.837135
-0.733612
10.652774
-3.910525
-5.884185
3.142931
-4.479479
-7.238496
8.445561
-5.376372
-1.534003
15.443546
-9.448277
-13.394122
5.721098
4.437702
-11.861010
3.352443
1.683680
12.398657
0.247652
12.191698
-7.597384
-4.989959
5.795477
23.616185
6.855142
1.046806
-7.769402
-0.757127
-7.157007
-2.277439
13.093328
-9.986084
6.222307
2.723502
-5.619274
29.798910
16.037069
6.158882
13.622815
-9.309832
13.154889
1.864122
-4.382827
-4.729976
14.620356
-2.493626
9.360391
-9.749165
2.178606
8.029881
15.164181
6.757023
10.345915
6.384382
-14.651651
12.112698
7.252685
3.648280
-2.066965
-9.077666
6.706930
-16.107097
5.453092
4.845071
2.349516
-14.169046
-17.920010
6.862001
-14.130898
5.836838
-18.649667
7.985078
-5.419050
6.530590
10.616972
4.932467
4.649865
-6.465968
1.035739
-2.229775
-4.506421
-7.348093
-2.592073
-2.220169
1.447275
-0.296837
-3.531277
17.271104
4.900070
-1.224350
1.193890
-14.366801
-5.456803
4.547629
-0.401731
4.327336
-6.986620
19.585133
-5.875292
-3.090142
-4.633110
-7.787039
11.620256
10.591060
12.246076
2.962692
14.583336
4.820273
9.541091
-11.695685
-39.904414
8.914384
3.486688
8.051311
-14.274902
-4.785151
1.800683
-13.506451
9.332262
-1.526521
6.293738
5.860713
-5.293111
-2.426061
7.507898
-21.570582
5.975491
-6.038215
-3.567323
1.183908
14.032727
-10.377313
-0.023714
-11.623778
8.369728
-8.456256
-8.110277
6.349636
-23.973591
7.680104
5.082564
6.565422
3.388947
-14.222688
1.639063
-20.567084
-10.033199
3.148219
10.882535
6.713446
0.010237
2.416769
-3.897124
0.042356
7.033893
-17.005300
-6.137338
7.171776
-4.265886
1.467785
1.646461
10.663276
-1.516852
9.078736
21.987051
11.226148
-6.387158
-15.173816
-6.928033
1.875752
15.010801
6.419031
-4.688105
-1.748564
-0.217529
-4.347762
-2.511717
-8.648016
-2.999263
-4.458148
-11.461261
0.994620
4.825130
17.075221
-11.489321
-7.635634
15.653636
1.843181
-2.237285
-4.259055
0.535094
12.420988
-8.587631
-5.621737
1.947170
-10.054983
14.852881
3.468040
-7.962345
-16.322546
5.736871
16.775847
-6.366553
12.123680
-0.575381
3.003724
6.020308
1.322181
2.896159
-9.915338
9.299900
-11.167528
10.209390
4.960883
-5.792910
-3.684697
8.731203
9.130167
17.613230
6.703321
-6.597860
0.942834
-5.270998
-2.338884
1.050812
-2.975342
3.693604
3.682664
-8.351570
5.601525
-11.402598
0.034693
5.698367
-11.194197
4.256420
14.272471
3.502199
1.846605
-1.558254
-7.854391
0.667823
-14.412454
-15.693925
-12.383803
12.034988
6.077368
1.702338
-3.451021
5.450911
-2.486332
2.540263
-7.134830
9.687238
17.951956
11.417107
6.378093
-9.853628
10.767091
3.910384
7.984065
7.259804
-13.958243
6.229170
-11.833053
3.908927
-12.292446
12.026880
-14.548661
-1.086123
-15.105037
-5.768608
-16.251959
4.777039
1.564513
-16.867100
-8.763362
4.532531
-9.273898
-4.901215
4.789372
4.441883
-9.002731
0.953477
-10.903842
5.998296
-2.698887
-13.593223
-5.914482
19.645700
-15.735022
-6.098588
2.022627
2.029540
6.221093
-2.555424
-3.573260
9.092523
21.859202
9.873744
4.982752
7.515941
1.065857
19.528478
-4.069257
3.218164
18.763961
13.891946
-30.837351
21.885313
12.198199
-14.401864
-10.379285
5.132784
5.862500
5.605267
-28.437091
-5.227270
7.330076
-18.336352
12.501243
-7.009346
10.324056
-1.473267
11.172831
4.524485
12.378995
4.963439
-34.165875
-6.520259
-7.300934
-0.784545
6.002276
-0.048319
12.352583
13.399735
-4.259756
11.709884
5.955559
-16.553403
-2.909646
-8.010355
-15.012505
-1.048589
-15.710910
-3.907573
-7.978991
-0.250408
-3.870235
5.336041
-3.366112
15.644761
7.583267
6.803479
-5.259839
9.432123
-24.827982
-0.869413
13.707923
9.712994
-6.720976
-1.527284
2.661800
10.046550
2.268627
5.572288
-3.603247
15.783039
0.557536
8.969507
12.921389
-17.119944
5.571099
3.397887
-2.543025
8.448124
14.506131
-4.137951
0.555396
2.173870
2.160668
1.076323
6.732980
8.933844
-12.616157
8.379628
-7.072524
9.617065
-2.260612
-11.120773
-9.205009
1.538070
0.998050
-0.066179
-1.609943
6.296798
7.902442
11.443329
-11.654560
5.115357
2.343074
0.063522
-10.247285
-0.581680
-4.712394
-1.262363
-9.952567
-18.344951
9.193194
9.430425
6.793645
11.327099
0.514612
0.721002
-2.203408
9.738820
-2.497282
0.742899
-1.296569
-5.641523
-11.085485
-4.431748
32.805257
0.468791
11.048001
-14.540267
17.605137
32.078038
-20.868719
2.014614
-5.791163
-10.096692
-7.374040
13.672219
-14.960144
-20.814687
-14.294512
27.106347
-8.068723
4.085605
3.734601
-7.068654
-13.743686
8.541828
12.872678
3.658095
-15.288542
23.584694
-16.520685
1.045852
6.684718
-18.801223
-15.553578
-5.027864
-2.088956
-8.228869
4.119804
6.193877
-2.606233
14.837745
12.407222
-5.605485
0.043158
-5.111615
12.420098
23.393958
-11.015191
2.080787
19.673219
2.063911
10.506845
3.296367
1.084225
-4.153964
-21.882762
-5.801461
-12.231553
-5.791095
-10.794006
-7.064049
-3.038931
14.023645
0.044731
-4.190753
11.833213
-1.759152
7.511662
14.975408
5.750462
10.670905
4.477741
18.092454
11.564072
3.112040
2.917521
7.445984
0.670399
10.488541
1.816479
1.012039
-7.166672
-4.333510
13.453353
11.629523
12.499536
1.413912
-5.857569
-3.993979
10.764423
-4.908115
1.484260
15.823372
23.567590
-3.684895
-19.515430
1.922004
-3.466528
-3.393236
1.537585
0.282558
-14.204884
-3.949821
16.276071
2.386477
-10.614929
-18.518264
-9.858302
-2.167463
19.068112
2.718645
-20.245956
2.588606
4.046107
9.565355
8.541234
3.770581
12.467180
-10.289541
12.734557
3.795685
3.086667
-4.811554
10.469147
-21.166506
0.306512
-0.801627
5.387695
0.776372
-4.069523
2.796717
4.232854
6.606784
-5.842770
-7.503590
-25.668425
-21.773187
-12.993452
1.037996
1.811523
-5.147453
-2.722198
8.493442
-2.430608
7.612444
-21.999572
-0.310594
11.042030
-2.209946
4.632960
-11.768790
-2.364854
3.119577
-0.466241
-1.915817
9.922260
13.640391
2.790808
20.038255
15.680803
8.062818
-2.015983
13.789909
12.507453
5.043885
5.822710
3.815929
-2.079611
6.664485
11.673055
-3.659829
-32.009876
6.598524
17.332806
7.469899
0.178717
-0.274793
-19.369832
1.854746
1.355235
-9.973367
2.911117
1.806021
-4.708029
7.664082
-1.948593
-9.946520
-14.991060
-5.917807
0.432762
8.188781
-8.940209
14.014098
21.211203
-4.441853
0.677271
-4.602500
-0.607279
3.959176
-5.253401
-11.181298
3.063727
-6.754299
5.971051
4.376274
-7.601249
1.804923
11.496308
13.852043
10.711738
-7.660986
-5.789802
0.534404
3.524108
1.093923
1.483016
-2.698040
7.305580
-7.296153
-1.644100
-12.066196
-0.689803
-8.381360
18.425298
13.307348
-6.486586
-6.794295
-11.820633
14.453889
14.759611
6.124781
3.786997
4.358536
-3.107946
5.541909
-4.372353
6.528201
10.137868
-6.802573
8.470366
35.338762
3.565223
-14.329174
-4.185112
20.117466
5.513688
-10.413296
-16.647765
4.602679
-8.223415
8.333809
-7.052396
-3.275166
15.904235
0.619932
13.689293
-1.277718
-5.695090
-8.430301
4.161422
13.832927
11.751779
-3.609286
-0.872567
-8.014280
-2.610422
9.692954
-28.258809
2.318828
-5.553991
-10.545090
4.004220
0.392683
-6.310236
-0.316097
-12.220741
3.356455
-9.224359
5.123288
22.992798
4.682872
-5.929445
-3.108671
-10.971898
4.589817
1.125941
16.810774
8.732408
4.589538
6.541858
-20.126361
12.912205
0.878794
-26.917083
10.014635
7.550778
-5.581386
-0.237076
5.985655
-14.634654
-8.616068
16.242567
10.799457
4.056840
-4.939752
23.431968
-7.306633
5.569732
4.904155
-13.267440
-4.844551
-1.727910
-12.847179
10.657318
10.273526
-8.994785
0.665475
-15.646722
-17.976454
-0.019104
-11.989044
4.209525
2.779600
-10.615029
-0.668716
6.926474
2.139062
15.185155
-11.459809
15.677740
-5.021731
3.646356
-9.574995
-12.303721
20.587637
2.247384
1.310037
-10.587618
6.822290
-0.325431
6.251555
-4.763811
-2.043499
3.070623
-1.119854
-3.810592
-19.238927
-0.707667
7.236764
3.946610
-2.015326
6.451773
6.472396
-6.403065
-8.344874
-15.271085
9.005321
5.174713
-4.172486
-0.600672
0.866467
-11.212889
-11.499988
-11.237075
-4.547285
2.534019
-6.090536
7.221905
-9.356368
-1.828074
-3.009159
1.552659
5.463073
-17.742425
-1.613191
-8.094343
-8.628743
-18.720854
6.086998
-10.339968
3.985194
-1.866688
-3.672244
-27.437087
2.263500
-14.385813
4.089902
-10.258697
-16.384015
10.887008
-4.339455
-13.761096
0.652889
6.575026
13.901885
15.407564
4.442386
5.942581
-14.185660
-9.992234
-2.053453
-17.012856
-12.629175
4.115348
-6.390368
-0.331017
10.356390
-12.226373
-7.265089
-3.705917
-12.708176
-7.651479
-0.611692
14.712130
18.507858
-4.867352
-1.521427
13.893406
10.855517
8.959929
1.929574
-0.517333
-3.922819
3.654869
13.177520
9.022013
-14.015886
14.627576
2.292749
6.164238
2.292059
-21.139044
0.101015
-4.052246
-0.705825
9.530539
-8.963049
6.888502
12.165915
3.169406
1.332869
28.325057
-4.117453
-10.361057
-5.558881
-5.882874
-1.168933
13.359729
12.950909
4.771450
1.738097
-17.360243
4.650829
-16.431043
12.663492
7.820882
12.747920
-2.072531
-11.799564
-9.460082
6.102867
13.781569
2.208026
14.273269
-9.522625
4.463340
1.721244
-8.730339
-8.228916
12.177739
9.763768
14.515418
-9.442739
-5.268508
-4.461587
-23.252832
0.360325
-12.823620
0.829801
-22.028178
3.306529
-4.743393
-5.443273
-1.599291
-2.098414
-1.812854
8.357776
-2.134045
0.752101
17.992114
7.794458
-5.798878
-9.119974
16.218511
9.631068
7.477429
-3.021528
0.347085
-12.159003
6.424094
-19.681615
-7.614142
-20.110236
-5.477208
3.157872
3.606972
-10.737408
-4.285004
-0.508356
0.958967
3.693397
-5.632337
8.568576
2.004909
-5.633820
12.512562
6.884725
1.930141
8.636071
1.898590
-13.270851
3.629997
-2.995742
-17.431055
-13.953576
12.016565
-5.612309
4.662650
0.036581
1.258061
10.954305
7.804424
-1.672271
-5.870853
-9.588703
20.144805
-1.134715
-14.248924
10.780541
-2.216788
-1.950161
-0.564757
11.085005
-4.394467
6.292132
10.776968
0.622967
0.797794
-0.626695
2.874246
15.574582
28.750769
5.421380
8.995601
-5.251063
6.096554
-1.649493
-4.540541
3.086801
-22.920040
18.343611
-2.051370
7.221753
-13.579716
9.396503
-6.469367
10.268108
4.306514
30.170159
3.847727
-4.990976
-3.054576
2.533988
16.723250
-20.215882
4.357408
-2.423268
1.440300
8.499056
0.574829
13.131154
10.414164
-2.198115
0.246868
-5.665708
-7.930364
-2.084514
4.499420
7.811359
-15.782155
11.084351
0.106547
-5.648941
1.074055
-5.591851
-15.297577
18.308152
-0.469511
-3.447644
-3.649561
3.898517
-7.450642
16.279352
19.030916
-6.806897
-8.523433
-3.798766
-4.088593
1.202867
-11.268189
8.540736
2.693764
14.677173
1.070004
-13.598193
5.084433
9.106039
14.735731
0.134031
-5.393966
12.311842
10.613620
-14.945109
18.771213
4.056999
-15.383347
-7.684106
0.257095
0.149711
0.282759
5.124350
8.079288
4.574029
10.224583
14.680638
-9.393815
5.089565
-19.529570
0.695011
-3.207032
-1.072483
-21.218350
-17.136133
-5.258914
-14.160388
8.447239
-3.253905
8.538786
-2.569892
16.983390
2.640110
17.385855
-1.337068
3.695515
-13.390646
-4.964445
-10.682662
3.310672
-13.423266
7.765199
1.587638
-5.728476
2.596986
-4.642503
-8.457102
-11.681304
3.117077
21.495378
-8.249572
-9.837588
0.802439
-6.590898
-5.759021
-5.381319
-4.971994
4.353958
-1.305111
1.009959
-0.205420
-8.062248
0.676395
-7.615858
-1.610447
0.408838
12.295605
6.928678
9.170430
-7.867663
-3.776759
7.242371
-8.953124
18.066773
-16.246132
-11.987148
-8.846672
-5.246601
-16.290445
-5.023775
1.585779
8.481433
-1.261639
-13.252388
2.000792
5.014159
10.201951
5.141038
5.287901
-10.462476
1.402060
2.012510
2.909242
13.887252
-19.637502
12.651835
13.080038
12.050207
12.112586
13.136022
-11.547406
23.489202
-5.237891
1.595533
-1.676059
-4.391743
-4.602840
0.901290
-15.101562
0.072617
1.483548
1.672455
1.420638
0.454314
-8.779527
8.349906
-6.869547
15.711921
-0.806300
12.460589
0.112342
1.061574
-10.228594
-9.318789
14.505810
4.196607
10.254803
2.566788
-10.033405
-7.005956
5.910312
4.322999
-5.244275
-12.769682
5.166226
-25.159358
-13.969364
9.300764
15.818012
8.767917
6.347229
15.227780
-16.116270
2.190333
-4.008313
-21.260422
0.637446
-0.165815
-13.991315
28.033903
-4.778013
9.203663
4.844747
-0.084100
-2.226805
7.623310
1.526156
10.288646
-7.850536
16.436348
5.091450
-7.222609
-11.365983
-4.449044
-0.534280
-0.084482
6.608939
13.896399
-17.057052
-12.576837
9.254686
1.844323
9.515421
0.933677
8.501136
3.038483
6.837255
20.344561
6.205091
-11.640686
3.644030
-2.222308
0.493035
-5.560668
4.347668
25.985994
-8.261423
16.561551
7.004914
-6.388464
-4.309453
6.560363
3.704455
8.448603
24.946030
7.181375
-7.745415
0.092806
-2.320881
0.349956
3.797620
7.531116
-3.072247
9.012498
10.179487
4.152770
7.804607
7.724248
1.006226
-7.212387
-14.201591
-20.086500
5.690011
10.616943
9.100928
-8.274577
11.952204
-0.684978
-3.750942
-12.918256
3.674134
-6.157546
-1.799967
-16.857705
16.359181
1.141759
-5.979261
11.828658
22.760180
-1.052367
-11.067266
10.705655
22.202970
-6.503352
-5.245008
-17.045420
-5.983384
-4.147683
-9.162666
-2.857421
-15.176967
8.135798
-10.435396
13.002717
10.531666
-0.272179
22.165585
2.028693
0.816065
13.321144
1.113761
-16.797592
-4.295405
6.785511
-3.147049
-5.932174
-7.327483
5.573763
11.044791
-12.188632
-18.369652
-9.474253
8.490853
1.059956
13.459717
0.454490
9.641998
18.906725
9.556543
18.285034
-17.467237
6.971890
3.284784
8.285828
7.433672
-3.652368
4.630652
-4.279894
-2.223604
3.886070
5.134575
15.957346
-6.553537
-12.066516
-6.138356
-9.255557
18.386098
5.491978
-13.078210
-2.562070
11.882472
8.687420
0.108478
0.798545
-10.760205
2.965857
-7.661440
1.226498
6.472794
12.142280
7.879711
3.053825
9.167948
5.925252
-7.621966
14.368946
-10.132447
-5.679894
14.547257
4.237734
-5.190086
-3.705876
-4.018144
8.448552
4.777473
14.394601
6.384885
17.239940
7.774803
12.211722
6.481764
1.367316
-3.362810
25.674035
-4.277157
12.223975
-6.367250
-6.608885
7.610070
9.907889
-14.311275
-3.513252
-2.310642
-8.890883
0.059028
12.879427
-20.067247
0.289401
1.696997
-6.203650
0.924459
13.966818
0.381987
-0.701048
4.617785
10.497042
6.577095
4.046705
23.894758
-18.655953
8.702572
1.373602
-1.985293
16.312870
5.527621
-6.356164
-4.007805
1.105690
3.581997
-14.505279
-8.910863
17.305588
17.124952
12.874721
-0.311095
-4.849348
8.781193
-0.444093
-25.401291
5.079224
-0.306279
1.060460
1.513756
8.653511
-8.860143
-14.334714
-11.041517
-3.156605
11.066194
15.885627
2.017279
7.288440
-22.860314
10.511140
6.253009
2.554228
9.364770
1.415909
-7.016399
-6.967489
-32.308993
11.351502
18.334206
-6.251960
0.300474
0.262640
2.170288
14.893197
0.859393
6.510884
6.357134
9.790841
4.282044
-23.340843
-3.588250
7.573045
15.139174
-22.429406
7.193408
-7.291209
-21.694166
10.639438
1.879531
0.162529
11.485297
14.928023
-7.273913
-0.259701
1.726032
-15.422157
-15.357137
-7.666590
-1.659919
-13.667900
-15.656905
-10.442549
-16.545341
1.024068
-8.458500
-0.986722
-2.131937
8.013722
-9.009761
-9.698960
-12.486916
9.095723
-4.106185
-12.850735
-6.037421
-1.043629
2.341391
-12.747376
1.435056
8.783043
-8.615952
-4.681141
5.718776
-11.369683
2.678204
13.142093
2.563180
-6.995675
-1.483511
-19.070626
-18.973977
19.290203
-11.457738
-6.453068
15.933096
10.610381
-16.654140
9.286421
-17.833977
3.766483
-2.695099
-12.840975
0.205205
0.932831
-0.612902
1.173345
-15.269891
5.263888
-2.601826
-5.209947
-25.164199
-2.342687
-3.083476
-14.077788
-2.199211
-4.598838
5.341623
2.708190
5.954914
-4.022520
-1.051602
8.490010
4.499098
5.677949
0.622624
8.973795
-3.680548
9.209798
-6.033595
-4.191424
5.188105
-5.727388
-1.911375
-11.557929
-3.214118
-5.152430
-4.994163
2.445562
9.964498
10.006220
1.377591
5.597592
-15.991775
-7.597375
-4.756188
1.751608
-1.373109
-0.834788
-3.145580
14.053352
-10.197583
9.199589
13.326603
13.832923
12.441983
-14.312854
-0.284788
-13.347904
-4.985320
7.881518
-0.783051
-1.332482
-16.124216
9.718027
-13.387759
0.859713
3.005844
8.717924
4.487653
16.479094
10.719545
-7.891512
-10.384825
-3.307882
8.536802
0.582766
1.952513
0.477994
-8.555124
16.337211
-6.287998
-7.677983
1.203735
-7.159890
-6.036451
2.037013
0.101955
8.730699
25.059361
7.792322
-2.119100
-20.661540
-4.073127
-8.266203
2.350829
-11.563313
-2.987988
3.224446
-11.554277
-1.466431
6.498217
-7.575346
-3.500304
19.129305
-5.133006
-3.281541
4.496132
-15.913206
-8.347440
15.411830
-2.503307
3.576073
-6.897085
8.197929
28.501254
-7.333430
6.143474
13.731844
-12.068688
-16.595222
10.024988
-1.590520
18.929734
-10.236270
22.640905
-2.127034
8.198242
16.408237
-13.832313
24.253106
7.663763
8.072876
-5.289100
-15.766062
10.165182
-0.063335
4.196847
1.672679
-15.614577
3.203927
3.124302
3.812707
-4.816179
7.491425
-6.584895
10.188209
6.458738
-8.064161
8.555842
-2.527985
-1.433429
0.458575
10.837152
-5.167877
4.184372
-9.788864
-12.193032
1.437390
-10.391192
-0.250127
-2.757294
-3.152130
-1.181700
10.286438
-0.903529
1.762006
7.965044
0.480107
9.570264
22.557211
-0.719781
-12.653375
3.640907
20.652614
4.322893
19.320509
-10.877190
4.447133
-12.518048
-0.284070
8.990813
-7.376450
-4.601605
0.437121
-5.726260
-7.821324
9.524333
36.041057
-17.044938
17.342424
-1.263850
5.944961
5.226684
1.404764
-17.411135
-5.907345
-3.138729
7.645954
23.991283
-7.616334
15.862458
14.446670
-10.994024
4.698296
-2.103664
-6.303118
3.114084
-12.727613
-9.935026
-1.906386
-9.876299
1.875526
0.327872
-7.118849
-1.525680
7.157007
-9.600384
14.987741
1.352807
3.914479
4.821498
-16.339229
-4.947815
6.986262
-21.084749
-31.955665
2.719404
-10.908792
3.029136
16.232569
-1.717884
-1.789129
-3.229637
-15.003831
1.025901
1.414897
9.197764
-11.842654
-4.523868
18.796569
-20.056042
-0.857075
-3.016531
5.666600
-13.266973
-3.504221
19.719589
1.446101
-9.902956
-24.466260
-0.047584
-2.299643
16.538546
4.215261
-11.763736
-0.343602
-4.048392
-2.967078
1.484605
-5.368782
-7.913640
2.212684
4.215095
11.037428
-3.214057
9.565919
-1.733105
10.456801
-8.139232
7.371696
15.889517
-6.616208
-2.043154
2.023388
4.792165
8.858828
-22.331169
6.278039
-1.777095
-15.399689
-0.927429
-12.218455
20.478703
2.513185
13.002588
-8.110140
0.953524
-12.625366
0.879205
-10.997364
-0.267909
-10.994983
5.982426
14.936028
-9.460153
-2.490860
-0.773517
-11.908653
-0.546572
-3.362767
-10.699807
-0.857912
1.939230
-30.853869
6.101321
-0.719432
12.603958
3.671697
2.514393
13.463778
-20.390818
9.471284
-0.990365
20.547224
-7.302005
18.528786
-8.654358
-13.913998
-24.675155
-0.301367
-13.342957
-1.028932
1.952717
-8.748767
4.717617
7.607866
-3.256466
-5.048616
14.787832
1.144851
0.921330
-17.416342
0.014484
-12.079973
1.434117
0.490118
-9.696948
-11.133219
-16.080000
20.956628
-14.436274
9.186665
20.412851
-9.952599
2.911471
12.041675
6.486857
-26.483620
-10.189935
13.539872
-15.505576
1.245337
-1.402879
6.810734
-17.900101
-3.321177
0.594762
21.661048
1.775765
-14.188250
-7.127626
8.154683
-3.135558
-8.231435
-7.324830
-2.170500
-14.067789
17.080452
1.891606
-5.590774
-20.605402
1.998900
2.327734
-5.569690
-14.670317
-10.343003
18.126129
-11.107946
-0.530112
-1.766123
10.382351
6.140575
20.166906
-13.998375
8.094313
-5.348985
-14.997282
18.548759
-1.360159
31.623770
-15.280955
-8.002395
-0.845993
1.944252
3.438461
0.231907
8.332031
-2.831205
-0.752333
12.468127
-2.502651
-6.240865
4.520060
2.476724
10.177321
20.367256
-10.061104
-0.089122
3.287588
7.098417
-11.207392
-3.932183
-8.097898
-1.310554
-12.594829
8.676733
-4.766632
6.347825
4.740247
8.213019
9.214734
-2.268729
-4.423157
6.950367
18.732696
-1.721958
4.762599
8.382130
-16.821775
1.319416
-7.287202
10.877136
-3.853788
-0.385271
5.373941
-7.177949
2.343658
-9.423878
4.619004
-13.591628
-0.572770
6.066381
9.773767
-15.467411
-2.804876
-2.987886
-12.266631
3.636773
-8.656478
6.623831
8.500773
-4.951048
-2.253057
3.602521
11.002054
11.645178
-18.421815
-9.192545
5.499639
6.500338
11.251525
7.183808
-11.622817
4.743345
-20.185537
14.268491
17.741828
7.048572
-3.092549
-12.947719
-11.722496
3.965824
7.849532
7.984257
5.219740
-8.434236
-22.588339
12.732986
11.922103
-5.007267
5.578802
8.538797
1.409952
22.543975
18.956014
16.051975
8.344378
-2.459344
8.712752
7.487114
0.488883
-7.799163
-0.985714
16.069323
10.445233
4.948503
-5.686373
13.121872
-8.198546
-5.305496
-0.217118
-4.725894
-3.425837
5.646106
-6.081680
3.664165
1.330558
16.595348
2.730932
-6.542995
3.871401
-12.182710
-7.977085
12.758760
4.588443
-2.561668
-6.049447
-12.632501
15.196570
18.241534
10.966022
-14.804936
1.141060
12.657621
-6.242715
-14.465019
0.110307
-7.882367
-10.689155
10.645921
-6.809865
1.064152
-25.387878
19.217274
-4.487268
16.074898
-24.304304
5.737839
-6.821771
5.879258
18.332545
-2.676503
-3.606719
0.210410
-6.528914
-5.635170
-17.339880
-14.169096
-8.071555
10.952333
13.221149
7.488140
-18.931528
-22.635126
-1.174744
11.191122
17.427630
4.615888
6.220252
9.064037
-2.188507
6.321933
9.533404
13.038485
-13.590841
-1.060043
-0.804386
-6.472348
0.162466
-4.064884
2.808396
-10.288872
-1.278574
-19.245022
-2.688125
-7.306607
-4.177088
5.364368
-18.943777
16.538875
17.038683
10.627148
-7.393054
-14.328723
-7.443109
-32.260711
9.120527
2.393414
-2.551765
19.116416
-10.202671
4.432003
-0.464624
0.924441
2.425039
-2.250009
21.983174
-5.830635
1.056929
3.169441
-17.316365
-13.536357
6.562305
-0.612654
-2.327280
4.268776
2.313338
-2.845123
1.591709
-8.535052
-11.400861
-3.070276
-10.953563
1.227684
3.071619
14.585233
2.011941
-9.677499
-7.008934
3.796710
10.534733
-0.969010
9.683690
0.425556
15.749916
0.633295
8.410421
-19.364280
-0.962081
20.158700
2.102561
0.410436
-3.045638
-0.627816
1.300453
8.704022
-0.793725
0.252947
-6.448748
2.833148
-8.410361
-8.764839
-3.475415
11.212405
13.968022
-30.590371
16.794494
2.825743
-17.400984
0.719682
13.808462
-30.961206
-2.772336
6.164413
4.989367
-20.730863
-2.646782
20.903161
1.842800
4.719975
12.307499
3.975420
14.872851
-12.697930
5.214396
-3.829777
14.125619
-5.675899
-1.017589
-4.948429
0.313900
5.257435
8.065618
6.225122
-3.273581
-17.776074
5.221383
-13.290894
1.881017
16.773626
-16.215267
-13.300447
1.294718
-9.050998
-0.236214
-3.380032
-3.147369
5.094927
-11.017224
8.966023
16.241279
-4.435821
-6.653992
0.676043
-8.695389
-4.533484
-1.033607
5.140223
5.611782
-4.765615
-0.870965
-6.245945
-10.400508
0.839161
4.284373
15.566837
3.163805
3.887711
6.131168
4.454204
2.344120
11.247945
-0.303966
5.814932
-23.619456
19.331879
4.566353
7.093520
-2.711253
9.646390
3.910543
5.806318
-0.847312
-5.984715
20.587763
9.725371
-7.270552
7.394013
7.416120
4.899720
-0.707240
2.202039
-8.185810
-7.384533
4.627678
14.287203
10.254941
11.811451
0.035217
6.470849
1.784355
-10.952056
4.090239
2.151268
2.694739
3.538009
-6.092562
3.737224
2.056835
-1.658932
1.127989
0.045678
-0.812265
1.600250
6.122140
-29.497864
4.046363
22.834205
-14.010174
-10.949189
-9.637171
-0.933251
-1.618792
-2.520977
-1.428119
20.947286
-13.209269
-2.084904
-5.310964
9.685968
-0.575344
0.730914
9.522957
-8.549216
14.062662
0.487208
2.621256
1.804667
1.846478
5.474137
7.539035
3.915459
-11.255429
19.750164
1.548632
3.148178
10.599599
6.125544
0.603317
7.121076
6.484762
-2.490861
-0.036344
-10.477448
-19.269889
6.423432
0.669576
-6.957119
-6.849254
4.987720
2.299806
6.111281
9.503179
-3.722493
3.395803
-9.124387
-3.453898
-6.870607
-6.956616
3.707462
4.301216
6.563206
-5.957846
4.340575
-6.145306
-6.489509
-7.881634
5.507287
-15.114023
16.402007
7.120601
5.133506
9.550707
-1.303147
3.044430
-11.857332
2.664441
3.208064
-2.422698
7.585465
-1.274918
-19.641008
-7.169248
4.750900
-4.102033
3.361972
11.038216
5.311048
12.541989
-0.320000
-21.158972
4.505585
-4.678305
13.264951
-2.345918
0.103568
3.763110
-6.447864
-16.204181
-4.240186
-2.467599
24.319728
-17.989228
-22.761100
5.588033
-9.722367
-7.681562
2.063436
9.087725
-3.655583
10.146523
5.548308
-3.478352
1.648080
-0.327625
-5.342735
1.999008
16.768385
2.580267
10.954776
2.498242
-3.889504
-14.674841
-8.482192
-11.760510
-0.983749
-3.055849
18.674345
14.287010
-14.249234
-12.626837
-17.177497
-10.561919
3.954514
-2.167704
-14.274203
6.636085
19.334010
7.020519
-0.890449
2.694873
19.081439
-10.699461
-5.456307
-5.836206
-5.700513
-2.184086
-8.949607
-1.866869
7.452781
2.162937
4.782827
9.883105
3.197216
8.539130
-19.922614
-3.199465
14.917533
33.116558
15.060008
-1.715092
10.108955
23.554936
-5.144190
-3.559632
8.358531
-3.511224
-11.687397
17.325359
6.141702
15.129827
-0.723039
-2.429669
-1.763303
11.500399
9.715581
-9.260367
16.637255
1.705677
-15.212537
-9.701861
-1.047415
5.065470
-13.372635
1.598963
-3.461974
-2.637946
-17.959386
-7.105461
-3.468470
10.131641
-4.113311
-12.552086
-1.786646
-4.734370
10.431893
4.701893
8.891426
-3.409306
0.542039
-6.952544
-1.636581
-2.332532
7.693937
14.579143
3.880520
-4.554709
4.082806
2.383485
-5.157739
6.276668
3.336763
1.577386
-5.193118
-9.545172
-4.536318
12.783236
-0.343045
5.789377
-9.613566
6.580068
-6.724170
21.881912
0.343229
-6.913228
-8.579811
-3.787452
5.490284
6.226891
11.455697
-4.593323
7.131198
-19.735177
0.363835
7.825177
3.777961
-14.778957
-14.060159
-15.443673
1.876328
-22.759047
-10.771111
2.308674
23.353629
-2.952874
-8.160335
-11.246268
-14.346750
-1.757624
-8.746854
-4.139435
-5.447277
6.753719
-10.436373
-1.156647
9.153419
-9.217610
-1.910030
-6.063725
-8.241490
5.853582
4.971254
-5.932158
14.032927
-0.212883
8.717352
9.331586
-3.553174
3.160785
1.767387
-8.971595
15.635484
-1.275440
8.519490
-8.910347
-11.607678
-4.172908
-7.155711
6.935775
-6.678319
12.627260
-12.294799
-8.284785
0.979811
-7.227689
7.804867
2.501577
-8.258391
4.935108
-8.527766
17.061369
-14.690616
-7.755810
-9.817143
0.495663
11.311836
-5.711154
9.799401
3.216409
-7.095746
-0.674216
-5.751046
-6.474492
-8.678939
-4.244087
-4.491686
-18.489317
10.714313
-22.181855
7.647892
-2.885730
-4.219791
-8.312137
5.858037
-0.644674
-16.315843
-18.468275
-6.173120
-10.237269
0.021310
12.231320
-5.501008
4.482198
-12.317206
-23.515400
-11.628765
-11.641592
-2.546161
6.748198
-1.322248
1.670038
8.395313
-9.076607
10.707799
0.531950
-16.781721
13.042059
13.134622
-4.664446
-3.738854
10.927253
-28.381061
8.700205
6.905597
2.311720
0.935741
2.607226
1.313670
6.170850
-7.640404
7.258788
-3.138814
-12.674048
-5.077890
8.978073
-12.861045
-12.458830
10.338614
1.724032
4.032017
-6.317981
10.967721
7.165149
-11.785736
17.249811
19.249406
2.388600
-14.234116
-2.895730
-5.625771
8.149420
-5.541608
-8.888251
8.050161
-3.162999
-6.442539
7.214859
5.045380
5.107357
5.797600
-1.459003
-10.504134
-4.529389
5.925634
12.759036
-13.569228
17.233132
-7.867442
0.322620
-9.213948
1.487124
-6.204090
1.082170
6.082195
-10.804304
-0.142492
-10.580747
5.812729
-4.765926
-4.081397
7.090143
-13.544476
2.012449
6.275168
19.625994
0.477283
2.287607
-9.702986
-10.676835
-2.951498
-17.606576
-1.550150
-2.238758
-6.220184
8.206203
-4.660311
-9.730693
5.319667
-14.291985
-7.490032
-3.439863
-5.917143
4.015843
10.852482
14.835511
-10.018978
9.320481
-8.866843
-2.571758
0.324421
-14.855885
-11.992420
15.203968
-12.030397
-6.990437
4.473904
-20.805501
-6.676090
13.469337
-1.925183
6.512139
12.523620
-6.956427
24.267826
-1.194822
-6.786415
-4.274154
1.035915
-5.115973
-17.895053
-5.332814
6.827101
18.520846
3.960397
-7.006855
-1.878196
-1.709867
9.851881
-23.573679
12.152184
-4.057912
3.573206
5.167095
-29.035147
18.547416
-18.811844
2.538143
1.276357
-1.605209
-0.947265
2.062789
-19.011806
5.611644
3.808531
3.397241
-1.534501
29.451194
6.691481
-3.799518
14.126810
-12.205924
-13.614326
-18.686126
9.763118
5.588700
0.740697
5.952630
-3.384204
-5.620732
-2.009673
-15.717931
-8.339232
-6.634125
-5.432916
6.474065
-9.765110
-24.717023
-17.462355
14.097007
4.363835
0.752637
8.884728
2.274697
0.664819
-12.252523
8.221739
-7.351871
-11.596479
-5.846696
-25.211052
0.012028
-3.617212
14.955085
1.920893
0.196541
6.317656
-3.646040
-10.937483
-5.142084
3.535056
4.749123
9.405126
6.302595
-0.920081
-0.792651
2.182346
1.124166
2.921409
-4.733830
-4.034390
-3.532085
3.168101
4.688778
-1.152829
4.835338
-2.469118
-2.480816
3.507557
3.210327
1.855769
3.326094
0.279725
25.842631
-3.613416
1.797545
-20.704763
-3.888540
-4.606375
3.047214
-2.461865
2.221834
2.447352
6.979451
9.099662
24.605607
0.704041
11.955366
11.266711
16.011008
16.707658
3.592419
20.055057
-15.841675
-4.764400
-4.880071
1.253155
-12.840553
26.139621
15.186406
14.291833
7.802638
-0.631244
-1.521945
-11.292269
-1.400901
-0.430468
7.939868
8.541464
5.203221
-0.287990
-13.260429
1.836722
10.009441
0.341623
15.274001
-5.591945
-9.648691
15.734725
12.524324
-16.021829
-4.309020
-23.463222
-1.567868
10.979328
-4.573540
-0.354865
-19.369435
13.193471
0.205295
-2.927243
7.863523
-11.229406
-15.048676
11.704633
-5.354430
-14.760808
1.815475
1.599902
8.911480
-18.809822
4.900477
1.903324
-8.968248
-3.063324
-13.645875
13.713154
1.181259
-16.264049
-4.967913
4.103871
8.465941
-6.142348
-5.848456
0.670393
21.866161
-7.999325
14.245080
-6.684252
4.453232
4.224841
3.943005
7.760795
2.488272
-12.270006
11.212345
11.082132
1.664176
18.662073
-1.379221
-5.025063
8.311612
8.289484
1.426650
0.286882
18.902434
8.212114
3.704528
14.682064
1.391329
7.472394
-0.909315
1.150578
-18.613308
-2.364099
2.526224
-7.428420
-0.608292
-3.977790
4.874161
-18.921646
6.348281
0.462543
8.522194
-4.036596
-5.488910
8.094674
3.588010
7.532324
3.372913
8.002143
17.360561
10.862076
5.633054
8.498334
5.931248
-21.821704
33.402144
1.029957
-4.150054
-4.443183
6.896344
-6.972632
7.689662
2.680356
21.125295
-10.503734
-11.194457
3.675602
9.614217
-15.503079
-8.422275
1.358042
13.914419
-0.398954
-4.614126
11.756581
13.239369
6.005687
-4.766178
3.719167
-9.961945
-0.409218
-13.383132
6.018759
9.172220
1.608467
-7.779652
3.954318
-7.761427
5.532005
-7.558720
-18.973569
-9.454408
-2.326835
13.867781
1.530942
12.002971
-9.843199
-11.619989
10.783622
11.234571
8.214540
0.311895
-12.933571
1.723819
11.457450
-11.909788
-12.701168
9.087948
5.315317
0.992929
15.149070
1.872235
1.539069
10.840220
-7.254246
-26.379020
-2.759087
1.944844
-1.038500
6.011232
-16.291636
-1.199935
8.313290
-17.143067
3.135580
-14.262845
-13.541764
10.905876
-8.600844
-8.001875
12.926101
-5.102587
-8.791968
-7.163989
-6.328672
-3.515295
5.048046
-25.022040
8.000275
-0.355659
-15.597599
1.107981
-3.525658
7.501950
0.637737
-2.223333
-6.307798
-1.608738
4.364311
19.169737
4.396558
8.320680
8.827882
-6.775227
-11.997475
2.219645
-2.923353
-0.831845
-17.436492
6.726836
-4.321330
14.738883
-17.434482
3.139230
-18.452700
-7.300667
-6.568652
-10.023469
4.821845
1.239113
8.322621
-3.222543
-2.826393
-5.870576
-0.213732
-10.397870
-14.514264
14.035945
7.058127
-8.257318
12.695083
-8.366130
9.020997
-3.481839
-0.058916
-19.775287
2.464499
6.382110
12.801794
9.017285
-3.008631
-0.697320
-7.113752
-4.424255
20.093597
7.203643
3.979744
8.690957
-7.691459
3.182104
-8.373077
6.417453
8.477138
-0.539175
-4.930522
-5.832419
-3.764583
-8.606380
3.951729
6.325837
-10.758822
-7.857058
12.221175
15.321246
6.162082
4.171417
-14.689961
6.736568
14.507537
-18.195091
-4.445412
-12.518034
2.022283
8.879647
-15.688610
-11.924755
-17.084004
18.661101
8.545126
15.554185
0.599370
-2.934644
-7.054166
-10.244780
7.548106
12.996414
-7.255869
-10.884746
22.969411
20.015358
0.283807
19.770783
-17.345894
6.610894
1.200860
-9.565324
-22.804502
-8.737500
-2.259467
-6.447426
-6.537811
12.834845
-5.868680
-23.242315
-1.181178
-4.553442
1.548832
-15.903883
-11.092992
-0.307582
-18.961310
12.379214
-8.538371
15.260136
-5.739017
2.188653
-9.043901
17.162542
-2.054407
-8.215600
7.897749
-20.504092
-0.185612
-10.016502
7.844778
6.777289
2.002263
18.280207
12.301402
-2.290530
1.750832
-10.461203
17.239555
-12.091845
-8.481777
9.135499
2.122445
-0.223672
-4.771130
13.167615
24.192885
-2.617828
-5.106763
5.417195
-15.723829
-10.121664
2.689316
-4.280634
3.889899
-5.196938
-20.330793
-7.118984
-1.076952
6.132062
4.460327
-2.394447
-8.871255
-1.942687
4.337394
-5.810788
-18.700861
-7.802564
1.471500
-7.686779
-2.340378
-8.439288
-12.380413
5.967414
1.590675
8.668535
2.047871
11.148329
8.245861
-1.507370
-0.563238
-0.142669
-13.964734
-9.804831
-2.976030
-7.218147
2.157237
-1.400960
4.704841
16.183981
3.129163
-0.531569
-14.430210
-7.262012
-1.696637
9.830422
-0.181389
-12.979031
-6.402159
-9.811374
-4.422097
0.755734
20.211187
6.970526
4.797206
-15.209507
5.420888
-0.719979
-16.477174
-10.085539
11.927138
-5.268637
9.257500
-6.393818
19.343122
2.813910
9.563866
2.146960
-1.640488
24.942405
5.641192
8.161018
6.243700
7.142641
-2.572583
11.677054
-2.311207
1.037200
-3.671508
-8.440689
-4.269352
-6.914156
-2.239748
7.005340
-0.386796
1.375970
7.082375
-4.701419
2.887316
-12.485163
-1.056174
-11.663621
11.790633
-0.053772
1.121073
22.964119
-9.230467
-1.917187
-0.246539
11.891044
-2.724280
13.382389
12.945193
-8.109395
-5.807417
-18.475099
-9.585961
9.634690
1.547326
17.242756
9.295546
9.805017
12.583222
-4.098369
-7.389204
13.786372
7.622224
-14.003277
5.676389
13.183909
5.133758
-5.923167
-0.279988
11.266087
-5.919930
2.047469
-20.658049
-9.959633
-16.773813
-4.389691
-3.253802
11.032892
8.639760
9.269534
3.454266
-15.147643
1.101030
-17.160215
13.793397
11.342137
-25.544107
-0.330758
14.319808
-4.419670
-3.967111
-18.912365
-2.288195
-2.140078
2.413692
-8.909564
-8.676199
-5.725497
-1.256185
17.706532
-9.751719
-17.380473
1.397801
-5.573270
4.184036
-6.869869
11.709244
-8.956183
-8.824574
18.100992
5.816478
12.702140
-15.973080
0.509849
0.600304
14.284528
-3.556652
18.810360
-15.338434
-7.433489
19.256139
7.116388
-19.119086
-13.951298
-1.770366
15.817847
-17.251053
-10.772649
0.355632
8.773281
-4.244250
2.252598
11.955342
5.659590
-14.979876
-1.359943
-4.334111
3.858484
19.472601
-6.620546
-0.140157
13.087670
-7.319530
-0.584401
-5.576774
-16.509347
-4.686896
13.634184
-2.623706
18.640012
12.377745
-5.563631
1.803871
2.923985
-6.134130
1.620309
-4.011871
5.046670
-4.440844
-9.728457
-4.862176
-0.478478
16.982812
-5.800951
-9.287868
-22.186067
7.854019
4.387613
3.093648
-11.902883
0.296369
0.910208
21.253330
-9.195516
-12.225713
-7.442272
-0.431949
-1.231976
2.792745
-5.677211
15.607874
-6.842304
-13.863605
2.981561
-1.912317
-8.385300
15.877543
10.304518
12.019138
1.276308
1.630753
-5.119394
-0.251038
-0.727137
-3.563721
9.587691
-3.902546
-12.275506
21.117538
-3.075235
-0.745208
-8.798500
-2.840323
7.909751
-10.524804
12.919681
-3.380933
6.387777
-6.590530
6.020851
-0.623466
-6.845722
12.835265
-4.791725
-13.978468
-3.115798
12.532303
4.050693
-9.638622
1.416002
-4.452948
-16.428511
14.950588
2.551609
-5.347614
-10.740786
10.852920
-0.340352
-11.073449
13.538389
-11.181658
8.447239
1.439068
11.743732
-5.337675
18.078499
-3.408879
2.605208
-5.837691
10.360299
-1.291166
-8.171211
3.207738
-2.443435
-1.077314
5.181647
6.888923
16.406898
10.308455
5.645744
-18.526255
-8.929481
-11.060441
-6.408671
0.880072
0.914316
-0.910259
4.414591
-14.811240
-3.734719
-19.196764
-5.133680
3.148690
-7.977651
9.706762
13.194982
7.128665
-16.427196
1.789947
2.198832
-9.665234
-8.056767
-5.085192
-6.916691
5.341268
-18.105698
8.293089
-8.828872
9.622103
5.209081
2.214005
-0.392746
15.498145
-9.072612
1.009004
-0.939172
7.379844
-1.432668
6.154254
-1.134168
9.533007
-13.013318
9.807438
-12.242330
10.627516
11.259148
15.346294
1.750956
-10.554403
-12.543384
-1.113367
12.079308
1.919502
0.037758
-2.076547
-2.157790
-1.787237
2.213298
17.655258
-6.456321
9.111198
-17.449280
-9.811766
1.366557
20.392497
1.129211
8.393020
2.899575
-5.565122
-5.105508
-2.939118
-16.508907
11.055468
-6.498310
12.205545
0.435518
20.135786
15.715039
-9.159780
-0.736636
4.698203
-5.082595
-3.499970
-1.449589
6.455005
-13.037291
1.512273
0.350996
8.229195
0.499867
-16.294601
0.592584
-7.677372
8.734301
15.176515
10.501041
-7.557840
-4.817253
-0.341864
15.730336
6.425876
5.135563
15.883887
-7.630583
-1.545744
1.678115
14.993394
-5.484745
-6.594887
-1.025604
-3.465690
1.013600
-5.644294
-9.069510
6.068498
-4.910703
0.827211
3.959282
-20.030474
-2.014547
2.727693
-13.149068
9.211764
-8.559105
19.749965
-1.553784
-3.126482
-2.803461
3.892854
-0.789653
16.815216
4.970033
-0.334738
-1.900137
-10.611696
-5.841058
-1.329065
12.752180
16.709852
17.295541
-1.085273
6.713000
21.542283
3.649692
8.587016
-6.906383
-17.226263
-4.369756
-1.287391
19.819427
-1.609888
16.230994
4.484718
9.691970
-1.251745
-17.814068
-3.100486
13.554548
-11.153492
7.927821
14.661678
8.367014
1.953208
-11.087495
-7.091709
-2.938101
-13.219792
-13.357052
-12.088103
-3.285337
0.883559
1.711730
14.278941
-0.226916
-4.721039
24.026444
5.278078
16.623513
6.757806
-1.549975
-6.885587
-1.825668
21.951373
-6.129061
9.133656
-13.329069
8.457049
1.605522
-3.807589
-21.941059
-2.799200
6.750922
-2.159607
-5.668424
10.367842
4.184734
-3.947918
15.635403
5.660111
5.639154
9.104527
-5.359314
20.540482
-12.178946
-7.227242
16.557332
18.060906
-9.030114
11.833426
22.995640
-6.804717
-4.427874
-13.971626
12.586244
12.969732
13.211758
-8.817968
-0.695843
-13.388413
29.183548
-1.360641
20.436618
1.808667
2.041572
-4.651716
-2.901891
-4.114087
0.403067
-7.944493
-14.136256
-6.832802
3.151524
-21.521215
9.933973
7.208730
-1.620724
5.153235
-11.382944
0.965843
-9.347095
-1.055184
-4.310886
-8.465570
8.291035
-10.170491
8.623081
-1.541543
-1.725079
0.017864
-4.065720
-2.374831
15.186724
-10.031086
-0.437143
5.613011
6.670750
13.284905
-5.563782
4.700660
-22.353824
-2.712123
1.458466
-1.204433
-6.163310
-19.963830
-5.591173
12.259031
2.250631
-12.396457
-5.515387
-6.639838
9.881447
9.134453
11.229342
4.789452
-0.729165
11.221632
4.421608
0.434275
-17.010029
-3.022918
8.920887
3.972976
5.645130
-3.402330
-3.709030
-15.216123
-15.396813
2.166155
23.765843
0.256939
9.762872
0.534632
7.420605
-10.555750
11.039382
-1.541134
-16.380433
6.645586
2.630310
-3.415252
-6.351911
-4.623891
-2.968535
0.309445
1.342101
-5.086592
12.101652
3.548004
2.339528
-5.826538
-5.468123
-3.709904
-17.552336
-13.157255
-9.584826
-6.395698
25.751933
14.945798
1.102315
-8.298678
6.801817
10.125416
-14.942983
-12.283930
10.159761
1.509117
1.714408
-4.912847
17.398338
-1.242059
-3.966934
-2.741099
-13.962337
8.652082
2.824651
-17.947371
8.129123
14.991170
25.024759
19.696668
-9.834039
-14.859276
5.583555
3.631072
-8.449996
16.425305
-21.949866
-19.579205
18.225552
3.770697
-2.600670
-11.020439
12.995029
-15.689907
18.775731
1.973663
-15.501825
7.501983
-7.539582
-5.324550
-14.403251
-20.581515
-7.446194
6.278714
-1.005812
-1.268969
15.181118
1.783646
-11.791797
1.076459
3.990751
8.935926
-11.674199
6.914991
-14.973520
-0.880242
-9.682415
-4.913523
5.597091
2.427130
-10.014771
-0.630366
-5.009390
-0.668608
0.474446
-4.681188
-0.118865
1.932358
-15.552360
-9.805041
-1.582777
-7.234926
16.312485
10.881318
2.689409
8.380559
14.135149
-4.345675
-6.333804
-0.871466
-1.484182
7.450315
-14.350121
3.983363
-6.615990
-13.130324
16.089189
-3.561028
4.187845
-5.647412
-10.066300
6.664845
19.866951
-4.133508
-17.241044
3.082408
-2.621592
-5.822226
26.244185
-1.751632
-4.343872
17.316183
-3.891968
7.256509
12.327934
-6.206184
8.272967
9.752950
9.210367
-14.237990
18.748638
14.118626
-14.813088
-7.423781
21.821686
14.160076
2.589670
-9.834938
-9.267538
-23.914824
0.098143
-1.841231
-8.077770
-5.151774
13.065764
3.123039
8.788286
-6.023539
-5.332419
6.020891
5.672510
6.054296
5.789249
-10.481208
23.923460
6.845355
0.502896
-2.448629
1.843222
-2.316615
2.923408
-1.609423
-11.515778
18.772732
17.518259
-6.936735
-7.463774
-4.922128
3.774858
9.497980
0.751994
24.226930
-9.000363
-2.921288
-3.990856
-14.169216
-0.219906
-4.091281
-0.647956
-0.503370
-7.436993
1.026524
9.609126
-8.595863
-2.981364
-5.401224
-3.636762
-4.430123
3.340927
-11.918068
-11.922939
5.716630
-0.325899
7.406841
-4.082147
-7.005299
-1.284953
-3.608117
-10.203963
-11.039051
8.836565
-3.815544
15.238205
-6.981992
-0.829744
-1.811768
11.501133
7.764626
-8.833462
13.379326
3.671172
6.943439
0.169580
-3.481125
-2.997623
16.935738
6.043234
-2.495969
-13.079235
20.917925
4.786267
-4.173154
-0.950268
26.039964
-14.584554
-6.261743
-5.852637
8.434313
2.222534
7.261160
18.594316
0.123473
14.024919
